1016;840;3.3881766188708
643;980;1.63553
643;156;8.745
566;840;422.88
643;978;60.665
1019;840;0.00011067027451762
974;51;0.0063238
1035;840;3.4071608299162
980;860;0.0033511
974;840;2.5567
974;752;0.24072
974;203;0.104338
974;826;2.9988
974;949;0.14069
974;398;0.0053943
978;840;0.99661152082918
566;156;61.1456
1015;1050;25.201612903226
978;764;0.027401764673645
643;949;3.32034
1048;1050;371.52622975182
1048;840;0.018475545767622
978;156;0.14443979027342
156;949;0.3797
156;764;0.1899
156;643;0.112
156;978;6.9022
398;392;3.4
398;752;43.93
398;203;18.97
398;826;549.88
398;980;12.8
398;860;0.0429
398;51;1.159
1050;840;4.9740231640259E-5
1050;978;4.9754436976303E-5
1050;156;6.8658452964394E-6
1050;826;5.7997104784529E-5
1050;643;8.1102627199576E-7
1049;840;0.049740231640259
1049;978;0.049754436976303
1049;156;0.0068658452964394
1049;826;0.057997104784529
1049;643;0.00081102627199576
860;840;10900.65
826;156;0.12369348753788
1049;348;0.00011009426942924
1050;949;2.7076887285444E-6
1050;348;1.1009426942924E-7
398;949;25.8
643;840;60.41
1049;949;0.0027076887285444
981;944;1.7137
1039;1050;173.46053772767
1045;840;0.00064450514250653
1045;1050;12.962686905742
51;840;404.77
51;974;158.2
51;860;0.037
51;980;10.98
51;643;6.69
1021;1050;13977.803248441
51;398;0.854
51;156;58.83
752;949;1
498;752;1.8174
643;826;72.115
752;643;0.095358
752;985;2.2544
752;578;1.095673
752;392;0.076966
458;704;0.000191
398;764;12.95
51;752;38.12
840;498;0.051737168561351
1044;1050;430.57050592034
1044;840;0.021394424399057
1016;1050;68124.531643845
1015;840;0.0012527207528852
458;784;1.220903
1043;840;0.0066261719213314
1043;1050;133.2711401346
51;392;2.928
980;980;1
1050;764;1.3740398123914E-6
1049;764;0.0013740398123914
156;392;0.049804
398;643;7.89
978;826;1.1676104851422
398;985;98.56
1046;840;0.018828739434724
566;978;422.7531
566;826;494.8119
1038;1050;445434.29844098
1038;840;22.148320658957
1021;840;0.68257289025252
1039;840;0.0086220275560001
1046;1050;378.71615224389
643;398;0.128963
1023;840;0.24490622601832
643;51;0.149141
156;356;0.086419
985;840;4.721
156;360;0.000464
348;840;406.27
1023;1050;4926.897163339
1019;1050;2.2244466688911
981;784;0.79077
498;981;6.7933
981;51;0.007187
1036;1050;14149.274849664
1036;840;0.70315823521346
1037;1050;2151.6944593868
1037;840;0.10691539464076
1027;1050;304349.14934413
1027;840;15.125046320454
1026;1050;875.27352297593
1026;840;0.043535775414608
1024;1050;44865.180133698
944;392;0.012279
1024;840;2.2302371991075
1040;840;0.016006774066785
752;356;0.133992
498;944;11.418
1035;1050;68495.49642111
944;980;0.0463
944;972;0.1664
1028;1050;10922.396373764
1028;840;0.54311873987762
944;974;0.6735
944;36;1.1707
1029;840;0.22070085764353
1029;1050;4437.5416019525
944;978;1.6999
458;36;3.0952
458;124;3.4479
1030;1050;6635700.066357
944;949;0.0935
1030;840;327.35313710695
1031;1050;67012.899983247
944;643;0.0276
1031;840;3.33400013336
643;974;23.67
643;860;0.00553799
840;860;9.1844588349931E-5
840;156;0.14483727532118
840;974;0.39662912836386
840;840;1
840;1050;20328.335964294
840;398;0.0021123562902229
840;980;0.027145291726514
840;764;0.027467622539931
840;643;0.016313508038171
840;566;0.0023837902264601
840;51;0.002476316772591
840;826;1.169556445718
840;978;1.0028581457153
348;980;11.02
348;949;22.35
348;764;11.17
348;752;38.23
348;643;6.69
348;985;86.08
944;985;0.359
348;578;41.89
348;458;90.71
348;392;2.9378
348;356;5.11
348;360;0.0274
1010;1050;689655.17241379
1032;826;0.0040933278755628
1032;1050;70.621468926554
978;356;0.012530935747627
458;156;0.6492
1050;356;6.2194390370741E-7
1049;356;0.00062194390370741
398;578;47.93
51;356;5.08
458;978;4.487
643;356;0.755632
840;356;0.012563879632555
944;860;0.000156
156;458;1.5395
458;826;5.2543
643;392;0.435868
980;949;2.0109
974;417;0.031671
978;392;0.007209285559801
1032;980;8.8558271342543E-5
1050;392;3.5809319684124E-7
1049;392;0.00035809319684124
156;826;8.085
398;498;24.3
51;985;85.75
974;643;0.042326
978;458;0.22268243258289
840;392;0.0072271208550768
1033;1050;73459.193418056
944;578;0.1743
1033;840;3.6534484900297
348;826;476.92
1034;1050;76982.294072363
944;498;0.088
1034;840;3.8336428999975
1040;1050;321.85387833923
949;944;10.70105
1007;1050;13401.232913428
348;978;407.29
643;985;12.79
980;840;36.5686
974;578;0.26303
978;985;0.21131373750608
944;458;0.3791
1050;985;1.053048918861E-5
1049;985;0.01053048918861
398;417;5.8
944;417;0.0207
764;840;36.4119
985;764;0.1298
985;978;4.7328
985;826;5.5413
985;980;0.1258
985;392;0.03414
458;344;0.571445
985;356;0.05936
985;156;0.6838
348;203;16.57
398;944;276.49
498;972;1.8854
860;944;6415.92
840;985;0.21221658740023
348;156;58.84
980;752;3.439
1002;1050;58951.836349702
944;398;0.0036
1002;840;2.9308495360465
974;498;0.13213
974;156;0.37032
978;949;0.054827567300839
860;704;0.465
1032;978;0.0035112359550562
398;156;68.12
51;978;406.11
985;949;0.2597
949;840;18.18115
949;978;18.1096
949;826;21.2351
949;392;13.1131
949;643;0.29844
949;156;2.628
840;949;0.055019104008389
1003;1050;82474.226804124
944;124;1.3066
1003;840;4.0992846748242
980;643;0.59972
944;376;0.5114
1004;840;0.31775870801851
1004;1050;6391.8184723554
1032;949;0.00019124115509658
1049;203;0.0020184896477621
156;840;6.8802
1032;643;5.7363427717205E-5
1032;566;2.2931572188589E-5
643;752;5.65914
980;985;7.705
974;124;1.969
978;752;0.093896713615023
860;980;295.14
1050;752;4.3368624985602E-6
1049;752;0.0043368624985602
156;752;0.6473
398;356;5.85
51;826;474.35
985;752;0.4443
949;752;1.70315
752;840;10.6673
840;752;0.09385429852218
643;498;3.11802
498;840;19.3609
498;51;0.04792
498;978;19.3309
498;980;0.5242
498;826;22.6417
498;949;1.0644
498;974;7.567
498;643;0.3167
498;356;0.24211
498;860;0.001774
498;398;0.04088
498;392;0.1398
498;156;2.799
498;985;4.0697
1005;1050;3033.6124256765
944;752;0.1594
1006;840;0.086980800727855
1006;1050;1749.260937254
840;578;0.10237966166593
840;417;0.012391678606152
840;348;0.0024836324400029
840;203;0.040823823117559
826;978;0.84932903006625
1014;840;1.2312991061323
643;417;0.74806
980;578;3.7421
974;392;0.018475
860;949;599.31
398;978;466.27
51;417;4.94
498;417;0.23536
643;578;6.20378
980;498;1.8895
974;985;0.54177
978;578;0.10250838006007
860;764;299.02
156;578;0.7085
398;840;468.1
51;578;41.6
985;578;0.4867
949;578;1.8552
498;578;1.9796
643;203;2.45138
980;398;0.077317
974;978;2.5613
978;203;0.040688448549457
860;752;1022.42
398;348;1.134
51;203;16.52
985;203;0.1925
498;203;0.7859
643;348;0.14859
980;392;0.2639
978;348;0.0024607510212117
860;643;178.7
398;974;185.89
1022;1050;12335.779929686
985;348;0.011622
764;348;0.0892
498;348;0.047018
944;360;0.000114
1005;840;0.15074918576596
417;840;80.699
417;978;80.8927
417;398;0.1724
417;643;1.3111
860;458;2427.76
860;498;564.41
860;398;23
860;417;135.06
860;392;78.65
860;356;136.32
860;360;0.732
860;348;26.49
860;826;12738.5
860;978;10860.32
860;203;441.66
1032;840;0.0035100035100035
944;826;1.9899
1007;840;0.66609626623068
1014;1050;24770.869457518
398;458;104.84
860;156;1575.53
985;458;1.054
498;458;4.312
980;348;0.089168
980;981;13.2615
978;360;6.7226890756303E-5
860;985;2287.41
860;578;1114.6
860;974;4317.77
860;51;27.01
985;360;0.00031807
840;360;6.7408510187316E-5
840;458;0.22338880822071
840;704;4.2699997657205E-5
1050;203;2.0184896477621E-6
1008;840;0.14054833527524
1008;1050;2826.9350370328
944;356;0.0213
1012;840;0.031358333241872
1009;1050;3236.7173212927
1009;840;0.16091230842384
1032;1045;5.4466230936819
203;392;0.17719
203;360;0.001651
203;356;0.30799
203;978;24.58
203;156;3.551
1012;1050;630.81731845866
458;360;0.000301
1010;949;1.8793459875963
944;344;0.2166
1011;1050;811490.70843139
1010;840;34.494653328734
203;348;0.06049
203;458;5.474
203;578;2.52
203;985;5.194
980;826;42.7853
203;752;2.308
203;764;0.6735
203;949;1.348
203;840;24.498
203;826;28.703
360;156;2151.58
360;978;14803.65
360;826;17383.565
360;392;107.32855
360;458;3315.595
360;578;1515.56
360;752;1391.625
360;764;408.645
360;840;14887
360;704;0.635
376;752;0.3113
376;578;0.3399
376;124;2.542
376;36;2.2929
376;978;3.3132
376;392;0.023919
376;826;3.8741
376;840;3.305
980;376;11.0183
764;376;10.9688
840;376;0.30140817901235
975;376;0.589674
978;376;0.30149541726966
981;376;0.87863
203;376;7.411
704;156;3393.44
704;978;23474.47
704;826;27304.205
704;356;298.12
704;392;169.305
704;458;5226.98
704;578;2406.4
704;643;396.235
704;752;2198.445
704;764;613.32
704;840;23415
752;348;0.026219
752;826;12.4952
752;978;10.663
752;203;0.434021
752;156;1.5422
752;124;8.2068
764;985;7.6875
764;704;0.001554
458;840;4.4845
1011;840;40.357706495754
356;840;79.8903
356;826;93.828
356;978;79.2517
356;392;0.5816
980;978;36.554
860;784;2967.7
156;784;1.8803
398;784;127.45
51;784;110.21
498;784;5.2711
764;643;0.5897
840;784;0.27225701061802
784;840;3.673
1000;840;8.1729393976544
458;764;0.123421
1013;840;81397.099821333
1013;1050;1626016260.1626
826;840;0.84803256445047
1017;1050;1025.430680886
1017;840;0.050991920330224
1018;1050;20257.267294642
1018;840;0.99307331363738
944;981;0.5869
51;981;138.74
398;981;166.88
860;981;3831.51
980;203;1.4863
840;981;0.3454231433506
981;974;1.1534
981;156;0.42086
981;203;0.11849
981;978;2.9126
981;826;3.4029
981;348;0.00716
981;356;0.036554
981;392;0.021001
981;417;0.035419
981;398;0.006131
981;498;0.15011
981;578;0.29859
981;985;0.61472
981;643;0.047812
981;752;0.27343
981;949;0.1598
981;980;0.07876
981;840;2.9045
981;860;0.0002665
643;944;35.5104
1001;840;1126126.1261261
949;784;4.9499
643;124;46.4046
980;156;5.2879
978;124;0.76645972254158
860;124;8341.48
1050;124;3.8006512796033E-5
1049;124;0.038006512796033
156;124;5.3087
398;124;359.17
51;124;311.6
985;124;3.6385
949;124;13.9182
51;972;39.62
498;124;14.828
348;124;313.12
203;124;18.838
360;124;11394.13
348;376;122.73
704;124;17929
398;972;45.71
981;124;2.236
124;156;0.1883
124;978;1.3013
124;356;0.01627
124;360;8.7E-5
124;392;0.00938
124;578;0.1334
124;643;0.02126
124;752;0.1221
124;949;0.0715
124;826;1.5238
124;840;1.3009
840;975;0.51257027338448
840;124;0.76608451904065
643;975;30.8219
980;124;28.0434
978;975;0.51129972389815
860;975;5552.49
1022;840;0.61337275275558
985;975;2.4198
949;975;9.25885
498;975;9.8815
348;975;208.24
203;975;12.569
498;376;5.8213
981;975;1.4896
975;124;1.49906
975;156;0.2825
975;203;0.0795797
975;826;2.28365
975;348;0.00481281
975;360;0.000131484
975;356;0.0245084
975;392;0.0141001
975;458;0.435529
975;578;0.200489
975;985;0.413294
980;974;13.2919
975;752;0.183646
975;764;0.0535932
975;949;0.107233
975;840;1.9492
974;980;0.069327
974;975;1.311
944;156;0.2458
1020;1050;25797.929974099
944;203;0.0691
1020;840;1.2823897178505
1042;1050;613.0080304052
1042;840;0.030369830124837
764;203;1.4799
980;944;21.5642
840;944;0.58823529411765
840;170;0.00022822452728995
944;840;1.7
170;840;4381.65
643;36;41.6839
643;344;7.70488
974;36;1.7754
978;36;0.69098949695965
978;344;0.12698251450775
860;36;7478.94
860;344;1388.94
1050;36;3.4383816225379E-5
1050;344;6.3482345654897E-6
1049;36;0.034383816225379
1049;344;0.0063482345654897
156;36;4.764
156;344;0.8767
398;36;322.52
398;344;59.66
51;36;280.91
51;344;51.57
860;972;1071.84
643;972;5.88999
1032;36;0.0024137098720734
985;36;3.2815
985;344;0.6016
949;36;12.473
752;36;7.3788
752;344;1.3593
498;344;2.4671
498;36;13.2913
348;36;282.4
348;344;51.76
203;36;16.984
203;344;3.121
360;36;10209.51
360;344;1896.78
985;376;1.4262
860;376;3281.25
704;36;16080.36
704;344;2971.49
458;392;0.03238
458;356;0.056079
1047;1050;320821.30253449
1047;840;15.947564408226
981;36;2.0157
981;344;0.37009
124;36;0.898
124;344;0.1658
975;36;1.35146
975;344;0.248356
1025;840;9.6607156658165
1025;1050;194344.5729278
840;36;0.68969988399248
840;344;0.12740935875252
344;840;7.84875
36;840;1.448225923244
36;156;0.20935831675913
36;392;0.010458063166702
36;978;1.4484356894554
36;826;1.695489996609
36;458;0.32297655190233
36;764;0.039793076004775
36;360;9.7437396472766E-5
36;356;0.018158707100054
36;704;6.1804697156984E-5
36;344;0.18453589223104
36;124;1.1137097672347
344;36;5.4057
344;124;6.00395
344;978;7.85645
344;392;0.056635
344;826;9.1565
344;156;1.13445
344;764;0.21535
944;784;0.4628
764;784;9.9131
764;156;5.2704
764;578;3.7315
764;752;3.4112
981;972;0.28428
764;124;27.9798
972;840;10.2492
972;978;10.2512
972;156;1.4863
972;643;0.166
972;860;0.00094
972;417;0.127
972;398;0.0219
972;974;3.0956
972;949;0.5635
972;826;12.0008
972;36;7.073
972;124;7.8677
972;578;1.05
972;752;0.9624
972;392;0.07399
972;944;6.0289
972;51;0.025299
972;981;3.5828
972;498;0.5296
972;980;0.2808
972;784;2.7903
972;356;0.12824
972;985;2.1617
972;458;2.2817
972;764;0.282
840;972;0.098540030902154
764;36;25.0956
764;356;0.4564
764;360;2.4516
764;458;8.1224
764;344;4.641
764;392;26.3006
764;978;36.3937
764;826;42.6298
1041;840;3.060940259629
974;704;0.000109167
974;784;0.69608
974;356;0.032176
1041;1050;61564.98183833
578;840;9.767565